DBRep_DrawableShape

CASCADE Topology V1, (c) Matra-Datavision
Locations 107
1
              1               0               0               0 
              0               1               0               0 
              0               0               1               0 
1
              1               0               0               0 
              0               1               0               0 
              0               0               1               0 
1
              1               0               0               0 
              0               1               0               0 
              0               0               1            -110 
1
              1               0               0               0 
              0               1               0               0 
              0               0               1               0 
1
              1               0               0               0 
              0               1               0               0 
              0               0               1               0 
1
              1               0               0               0 
              0               1               0               0 
              0               0               1               0 
1
              1               0               0               0 
              0               1               0               0 
              0               0               1               0 
1
              1               0               0               0 
              0               1               0               0 
              0               0               1               0 
1
              1               0               0               0 
              0               1               0               0 
              0               0               1               0 
1
              1               0               0               0 
              0               1               0               0 
              0               0               1               0 
2  2 1 3 1 4 1 5 1 6 1 7 1 8 1 9 1 10 1 0
1
              1               0               0               0 
              0               1               0               0 
              0               0               1               0 
2  12 -1 10 -1 9 -1 8 -1 7 -1 6 -1 5 -1 4 -1 3 -1 2 -1 0
1
              1               0               0               0 
              0               1               0               0 
              0               0               1               0 
1
              1               0               0            -150 
              0               1               0            -150 
              0               0               1               0 
2  14 1 15 1 0
2  12 -1 10 -1 9 -1 8 -1 7 -1 6 -1 5 -1 4 -1 3 -1 2 -1 15 -1 14 -1 0
1
              1               0               0               0 
              0               1               0               0 
              0               0               1             300 
2  14 1 15 1 18 1 0
2  12 -1 10 -1 9 -1 8 -1 7 -1 6 -1 5 -1 4 -1 3 -1 2 -1 18 -1 15 -1 14 -1 0
2  14 1 15 1 2 1 3 1 4 1 5 1 6 1 7 1 8 1 9 1 10 1 0
2  14 1 15 1 18 1 2 1 3 1 4 1 5 1 6 1 7 1 8 1 9 1 10 1 0
1
              1              -0               0              -0 
              0               1               0              -0 
              0               0               1               0 
1
              1               0               0               0 
              0               1               0               0 
              0               0               1               0 
1
              1               0               0               0 
              0               1               0               0 
              0               0               1               0 
1
              1               0               0               0 
              0               1               0               0 
              0               0               1               0 
2  23 1 24 1 25 1 26 1 4 1 5 1 6 1 7 1 8 1 9 1 10 1 0
2  12 -1 10 -1 9 -1 8 -1 7 -1 6 -1 5 -1 4 -1 26 -1 25 -1 24 -1 23 -1 0
1
              1              -0               0              -0 
              0               1               0              -0 
              0               0               1               0 
1
              1               0               0               0 
              0               1               0               0 
              0               0               1               0 
1
              1               0               0               0 
              0               1               0               0 
              0               0               1               0 
1
              1               0               0               0 
              0               1               0               0 
              0               0               1               0 
1
              1               0               0               0 
              0               1               0               0 
              0               0               1               0 
2  29 1 30 1 31 1 32 1 33 1 0
2  12 -1 33 -1 32 -1 31 -1 30 -1 29 -1 0
1
              1              -0               0               0 
              0               1               0               0 
              0               0               1               0 
1
              1               0               0               0 
              0               1               0               0 
              0               0               1               0 
1
              1               0               0               0 
              0               1               0               0 
              0               0               1               0 
1
              1               0               0               0 
              0               1               0               0 
              0               0               1               0 
2  36 1 37 1 38 1 39 1 33 1 0
2  12 -1 33 -1 39 -1 38 -1 37 -1 36 -1 0
1
              1               0               0               0 
              0               1               0               0 
              0               0               1               0 
1
              1               0               0              -1 
              0               0              -1               0 
              0               1               0               0 
1
              1               0               0               0 
              0               1               0               0 
              0               0               1               0 
1
              1               0               0               0 
              0               1               0             0.1 
              0               0               1               0 
2  42 1 43 1 44 1 45 1 6 1 7 1 8 1 9 1 10 1 0
2  12 -1 10 -1 9 -1 8 -1 7 -1 6 -1 45 -1 44 -1 43 -1 42 -1 0
1
              1               0               0               0 
              0               1               0            -0.2 
              0               0               1               0 
2  42 1 43 1 48 1 44 1 45 1 6 1 7 1 8 1 9 1 10 1 0
2  12 -1 10 -1 9 -1 8 -1 7 -1 6 -1 45 -1 44 -1 48 -1 43 -1 42 -1 0
2  44 1 45 1 6 1 7 1 8 1 9 1 10 1 0
2  12 -1 10 -1 9 -1 8 -1 7 -1 6 -1 45 -1 44 -1 0
2  8 1 9 1 10 1 0
1
              1               0               0               0 
              0               1               0               0 
              0               0               1               0 
1
              1               0               0             -75 
              0               1               0             -75 
              0               0               1               0 
1
              1               0               0               0 
              0               1               0               0 
              0               0               1               0 
1
              1               0               0               0 
              0               1               0               0 
              0               0               1               0 
1
              1               0               0               0 
              0               1               0               0 
              0               0               1               0 
1
              1               0               0               0 
              0               1               0               0 
              0               0               1               0 
2  54 1 55 1 56 1 57 1 58 1 59 1 0
2  12 -1 10 -1 9 -1 8 -1 59 -1 58 -1 57 -1 56 -1 55 -1 54 -1 0
2  23 1 24 1 25 1 26 1 4 1 5 1 6 1 7 1 0
2  56 1 57 1 58 1 59 1 8 1 9 1 10 1 0
2  12 -1 10 -1 9 -1 8 -1 59 -1 58 -1 57 -1 56 -1 0
2  54 1 55 1 0
1
              1               0               0              -0 
              0               1               0              -0 
              0               0               1            -0.2 
2  54 1 55 1 66 1 0
2  12 -1 10 -1 9 -1 8 -1 59 -1 58 -1 57 -1 56 -1 66 -1 55 -1 54 -1 0
1
              1               0               0               0 
              0               1               0               0 
              0               0               1               0 
1
              1               0               0               0 
              0               1               0             0.1 
              0               0               1              -2 
2  69 1 70 1 0
1
              1               0               0               0 
              0               1               0               0 
              0               0               1               0 
1
              1              -0              -0             -20 
              0               0              -1               0 
              0               1               0             4.5 
2  72 1 73 1 69 1 70 1 0
2  12 -1 10 -1 70 -1 69 -1 73 -1 72 -1 0
2  44 1 45 1 6 1 7 1 8 1 9 1 0
1
              1               0               0              -0 
              0               1               0            -0.2 
              0               0               1               0 
2  72 1 73 1 77 1 69 1 70 1 0
2  12 -1 10 -1 70 -1 69 -1 77 -1 73 -1 72 -1 0
2  12 -1 10 -1 70 -1 69 -1 0
2  42 1 43 1 48 1 44 1 45 1 6 1 7 1 8 1 9 1 0
2  42 1 43 1 44 1 45 1 6 1 7 1 8 1 9 1 0
2  58 1 59 1 8 1 9 1 10 1 0
2  54 1 55 1 66 1 56 1 57 1 0
2  12 -1 10 -1 9 -1 8 -1 59 -1 58 -1 0
2  69 1 70 1 10 1 0
2  72 1 73 1 0
2  72 1 73 1 77 1 0
2  25 1 26 1 4 1 5 1 6 1 7 1 0
2  58 1 59 1 0
2  12 -1 10 -1 9 -1 8 -1 7 -1 6 -1 5 -1 4 -1 26 -1 25 -1 0
1
              1               0               0              -0 
              0               1               0              -0 
              0               0               1              -2 
2  23 1 24 1 92 1 25 1 26 1 4 1 5 1 6 1 7 1 0
2  12 -1 10 -1 9 -1 8 -1 7 -1 6 -1 5 -1 4 -1 26 -1 25 -1 92 -1 24 -1 23 -1 0
2  23 1 24 1 92 1 25 1 26 1 4 1 5 1 6 1 7 1 8 1 9 1 10 1 0
2  31 1 32 1 33 1 0
2  12 -1 33 -1 32 -1 31 -1 0
1
              1               0               0              -0 
              0               1               0              -0 
              0               0               1              -1 
2  29 1 30 1 98 1 31 1 32 1 33 1 0
2  12 -1 33 -1 32 -1 31 -1 98 -1 30 -1 29 -1 0
2  29 1 30 1 98 1 31 1 32 1 0
1
              1               0               0              -0 
              0               1               0              -0 
              0               0               1              -1 
2  36 1 37 1 102 1 38 1 39 1 0
2  12 -1 33 -1 39 -1 38 -1 102 -1 37 -1 36 -1 0
2  38 1 39 1 33 1 0
2  12 -1 33 -1 39 -1 38 -1 0
2  36 1 37 1 102 1 38 1 39 1 33 1 0
Curve2ds 0
Curves 218
1 -0.15000000000000008 -0.15000000000000008 109.89 0 0 1 
1 0.15000000000000008 -0.15000000000000008 109.89 0 0 1 
1 149.84999999999999 149.84999999999999 109.89 1 0 0 
1 149.84999999999999 149.84999999999999 -189.81 1 0 0 
1 -0.15000000000000008 0.15000000000000008 109.89 0 0 1 
1 149.84999999999999 150.15000000000001 109.89 0 -1 0 
1 149.84999999999999 150.15000000000001 -189.81 0 -1 0 
1 0.15000000000000008 0.15000000000000008 109.89 0 0 1 
1 150.15000000000001 149.84999999999999 109.89 0 1 0 
1 150.15000000000001 149.84999999999999 -189.81 0 1 0 
1 150.15000000000001 150.15000000000001 109.89 -1 0 0 
1 150.15000000000001 150.15000000000001 -189.81 -1 0 0 
1 0.0030000000000000014 0 0 -0.1950903220161285 0.98078528040323043 0 
1 0.0027716385975338608 -0.0011480502970952716 0 0.19509032201612858 0.98078528040323043 0 
1 0.0027716385975338612 0.0011480502970952699 0 -0.55557023301960196 0.83146961230254546 0 
1 0.0021213203435596429 -0.0021213203435596437 0 0.55557023301960273 0.8314696123025449 0 
1 0.0021213203435596437 0.0021213203435596433 0 -0.83146961230254535 0.55557023301960218 0 
1 0.0011480502970952705 -0.0027716385975338612 0 0.83146961230254512 0.5555702330196024 0 
1 0.0011480502970952701 0.0027716385975338612 0 -0.98078528040323043 0.1950903220161285 0 
1 -5.5000000000000025e-19 -0.0030000000000000014 0 0.98078528040323043 0.19509032201612833 0 
1 1.8000000000000008e-19 0.0030000000000000014 0 -0.98078528040323043 -0.19509032201612847 0 
1 -0.0011480502970952716 -0.0027716385975338608 0 0.98078528040323043 -0.19509032201612866 0 
1 -0.0011480502970952699 0.0027716385975338612 0 -0.83146961230254546 -0.55557023301960196 0 
1 -0.0021213203435596437 -0.0021213203435596433 0 0.83146961230254512 -0.55557023301960251 0 
1 -0.0021213203435596433 0.0021213203435596437 0 -0.55557023301960229 -0.83146961230254524 0 
1 -0.0027716385975338617 -0.0011480502970952697 0 0.55557023301960218 -0.83146961230254535 0 
1 -0.0027716385975338612 0.0011480502970952703 0 -0.1950903220161285 -0.98078528040323043 0 
1 -0.0030000000000000014 3.7000000000000015e-19 0 0.19509032201612811 -0.98078528040323054 0 
1 0.0020700000000000007 0 0 -0.19509032201612841 0.98078528040323043 0 
1 0.0019124306322983642 0.00079215470499573615 0 -0.55557023301960196 0.83146961230254546 0 
1 0.0014637110370561541 0.0014637110370561539 0 -0.83146961230254535 0.55557023301960207 0 
1 0.00079215470499573626 0.0019124306322983642 0 -0.98078528040323043 0.19509032201612841 0 
1 1.3000000000000005e-19 0.0020700000000000007 0 -0.98078528040323043 -0.19509032201612841 0 
1 -0.00079215470499573604 0.0019124306322983642 0 -0.83146961230254546 -0.55557023301960184 0 
1 -0.0014637110370561539 0.0014637110370561541 0 -0.55557023301960218 -0.83146961230254535 0 
1 -0.0019124306322983642 0.00079215470499573637 0 -0.19509032201612841 -0.98078528040323043 0 
1 -0.0020700000000000007 2.5000000000000011e-19 0 0.19509032201612816 -0.98078528040323054 0 
1 -0.0019124306322983644 -0.00079215470499573593 0 0.55557023301960184 -0.83146961230254546 0 
1 -0.0014637110370561543 -0.0014637110370561539 0 0.83146961230254524 -0.55557023301960218 0 
1 -0.00079215470499573724 -0.0019124306322983637 0 0.98078528040323032 -0.19509032201612875 0 
1 -3.8000000000000019e-19 -0.0020700000000000007 0 0.98078528040323043 0.1950903220161285 0 
1 0.00079215470499573659 -0.001912430632298364 0 0.83146961230254535 0.55557023301960207 0 
1 0.0014637110370561534 -0.0014637110370561543 0 0.55557023301960262 0.83146961230254501 0 
1 0.0019124306322983637 -0.00079215470499573734 0 0.19509032201612866 0.98078528040323043 0 
1 -0.00055432771950677227 0.00022961005941905403 0 -0.19509032201612816 -0.98078528040323054 0 
1 -0.00042426406871192866 0.00042426406871192871 0 -0.55557023301960262 -0.83146961230254501 0 
1 -0.00022961005941905392 0.00055432771950677227 0 -0.83146961230254524 -0.5555702330196024 0 
1 4.0000000000000022e-20 0.00060000000000000027 0 -0.98078528040323054 -0.19509032201612816 0 
1 0.00022961005941905398 0.00055432771950677227 0 -0.98078528040323054 0.19509032201612816 0 
1 0.00042426406871192871 0.00042426406871192866 0 -0.83146961230254512 0.55557023301960251 0 
1 0.00055432771950677227 0.00022961005941905395 0 -0.5555702330196024 0.83146961230254512 0 
1 0.00060000000000000027 0 0 -0.19509032201612816 0.98078528040323054 0 
1 0.999 0 0.099900000000000003 1 0 0 
1 0.999 0 -0.099900000000000003 1 0 0 
1 0.00055432771950677205 -0.0002296100594190543 0 0.19509032201612875 0.98078528040323032 0 
1 0.00042426406871192861 -0.00042426406871192882 0 0.5555702330196024 0.83146961230254512 0 
1 0.00022961005941905409 -0.00055432771950677216 0 0.83146961230254535 0.55557023301960207 0 
1 -1.1000000000000004e-19 -0.00060000000000000027 0 0.98078528040323043 0.19509032201612839 0 
1 -0.00022961005941905428 -0.00055432771950677205 0 0.98078528040323032 -0.19509032201612886 0 
1 -0.00042426406871192882 -0.00042426406871192866 0 0.83146961230254524 -0.55557023301960218 0 
1 -0.00055432771950677227 -0.0002296100594190539 0 0.55557023301960196 -0.83146961230254546 0 
1 -0.00060000000000000027 7.0000000000000037e-20 0 0.19509032201612814 -0.98078528040323054 0 
1 -0.0010000000000000005 -0.099900000000000003 0 0 -1 2.2e-16 
1 0.999 0 -0.099900000000000003 1 0 0 
1 0.999 0 -0.099900000000000003 1 0 0 
1 0.0010000000000000005 -0.099900000000000003 0 0 -1 2.2e-16 
1 0.999 0 0.099900000000000003 1 0 0 
1 0.999 0 0.099900000000000003 1 0 0 
1 74.924999999999997 74.924999999999997 0 1 0 0 
1 74.924999999999997 75.075000000000003 0 0 -1 0 
1 75.075000000000003 74.924999999999997 0 0 1 0 
1 75.075000000000003 75.075000000000003 0 -1 0 0 
1 -0.0010000000000000005 -0.099900000000000003 0.0025000000000000014 0 -1 2.2e-16 
1 0.999 0.0025000000000000014 0.099900000000000003 0 -1 0 
1 0.999 0.0025000000000000014 -0.099900000000000003 0 -1 0 
1 1.0009999999999999 0 -0.099900000000000003 0 1 0 
1 1.0009999999999999 0.0025000000000000014 -0.099900000000000003 -1 0 0 
1 0.0010000000000000005 -0.099900000000000003 0.0025000000000000014 0 -1 2.2e-16 
1 1.0009999999999999 0 0.099900000000000003 0 1 0 
1 1.0009999999999999 0.0025000000000000014 0.099900000000000003 -1 0 0 
1 -0.075000000000000039 -0.075000000000000039 0 -0 -0 -1 
1 0.075000000000000039 -0.075000000000000039 0 -0 -0 -1 
1 74.924999999999997 74.924999999999997 0.19980000000000001 1 0 0 
1 -0.075000000000000039 0.075000000000000039 0 -0 -0 -1 
1 74.924999999999997 75.075000000000003 0.19980000000000001 0 -1 0 
1 0.075000000000000039 0.075000000000000039 0 -0 -0 -1 
1 75.075000000000003 74.924999999999997 0.19980000000000001 0 1 0 
1 75.075000000000003 75.075000000000003 0.19980000000000001 -1 0 0 
1 19.98 -2.4975000000000001 0.099900000000000003 1 0 0 
1 19.98 -2.4975000000000001 -0.099900000000000003 1 0 0 
1 -0.020000000000000011 -0.099900000000000003 2.0024999999999999 0 -1 2.2e-16 
1 19.98 -2.4975000000000001 -0.099900000000000003 1 0 0 
1 20.02 -2.4975000000000001 -0.099900000000000003 0 1 0 
1 20.02 -2.4575 -0.099900000000000003 -1 0 0 
1 19.98 -2.4575 -0.099900000000000003 0 -1 0 
1 19.98 -2.4975000000000001 0.099900000000000003 1 0 0 
1 0.020000000000000011 -0.099900000000000003 2.0024999999999999 0 -1 2.2e-16 
1 20.02 -2.4975000000000001 0.099900000000000003 0 1 0 
1 20.02 -2.4575 0.099900000000000003 -1 0 0 
1 19.98 -2.4575 0.099900000000000003 0 -1 0 
1 0.0029429096493834663 0.00028701257427381812 -0.00020000000000000012 -0.19509032201612861 0.98078528040323043 0 
1 0.002609059034040307 0.0013913678087113632 -0.00020000000000000009 -0.55557023301960207 0.83146961230254535 0 
1 0.0018780028319435498 0.0022838999070531984 -0.00020000000000000012 -0.83146961230254546 0.55557023301960207 0 
1 0.00086103772282145237 0.0028287289481503958 -0.00020000000000000009 -0.98078528040323043 0.19509032201612839 0 
1 -0.00028701257427381802 0.0029429096493834663 -0.00020000000000000009 -0.98078528040323043 -0.19509032201612858 0 
1 -0.0013913678087113632 0.002609059034040307 -0.00020000000000000009 -0.83146961230254535 -0.55557023301960207 0 
1 -0.0022838999070531984 0.00187800283194355 -0.00020000000000000009 -0.55557023301960218 -0.83146961230254535 0 
1 -0.0028287289481503958 0.00086103772282145248 -0.00020000000000000009 -0.19509032201612839 -0.98078528040323043 0 
1 -0.0029429096493834663 -0.00028701257427381742 -0.00020000000000000009 0.19509032201612819 -0.98078528040323043 0 
1 -0.002609059034040307 -0.0013913678087113636 -0.00020000000000000009 0.55557023301960229 -0.83146961230254524 0 
1 -0.0018780028319435504 -0.0022838999070531984 -0.00020000000000000012 0.83146961230254524 -0.5555702330196024 0 
1 -0.00086103772282145334 -0.0028287289481503958 -0.00020000000000000009 0.98078528040323043 -0.19509032201612855 0 
1 0.00028701257427381764 -0.0029429096493834663 -0.00020000000000000009 0.98078528040323043 0.19509032201612844 0 
1 0.0013913678087113645 -0.002609059034040307 -0.00020000000000000012 0.83146961230254512 0.55557023301960262 0 
1 0.0022838999070531976 -0.0018780028319435507 -0.00020000000000000009 0.55557023301960262 0.83146961230254501 0 
1 0.0028287289481503958 -0.00086103772282145334 -0.00020000000000000009 0.19509032201612847 0.98078528040323043 0 
1 -0.020000000000000014 -0.099899999999999989 2.0425 0 -1 2.2e-16 
1 0.020000000000000011 -0.099899999999999989 2.0425 0 -1 2.2e-16 
1 0.0027716385975338612 0.0011480502970952697 0 -0 -0 -1 
1 0.0030000000000000014 0 1.998 -0.1950903220161285 0.98078528040323043 0 
1 0.0030000000000000014 0 0 -0 -0 -1 
1 0.0021213203435596437 0.0021213203435596429 0 -0 -0 -1 
1 0.0027716385975338612 0.0011480502970952699 1.998 -0.55557023301960196 0.83146961230254546 0 
1 0.0011480502970952705 0.0027716385975338612 0 -0 -0 -1 
1 0.0021213203435596437 0.0021213203435596433 1.998 -0.83146961230254535 0.55557023301960218 0 
1 0 0.0030000000000000014 0 -0 -0 -1 
1 0.0011480502970952701 0.0027716385975338612 1.998 -0.98078528040323043 0.1950903220161285 0 
1 -0.0011480502970952697 0.0027716385975338612 0 -0 -0 -1 
1 1.8000000000000008e-19 0.0030000000000000014 1.998 -0.98078528040323043 -0.19509032201612847 0 
1 -0.0021213203435596429 0.0021213203435596437 0 -0 -0 -1 
1 -0.0011480502970952699 0.0027716385975338612 1.998 -0.83146961230254546 -0.55557023301960196 0 
1 -0.0027716385975338612 0.0011480502970952705 0 -0 -0 -1 
1 -0.0021213203435596433 0.0021213203435596437 1.998 -0.55557023301960229 -0.83146961230254524 0 
1 -0.0030000000000000014 0 0 -0 -0 -1 
1 -0.0027716385975338612 0.0011480502970952703 1.998 -0.1950903220161285 -0.98078528040323043 0 
1 -0.0027716385975338612 -0.0011480502970952697 0 -0 -0 -1 
1 -0.0030000000000000014 3.7000000000000015e-19 1.998 0.19509032201612811 -0.98078528040323054 0 
1 -0.0021213203435596437 -0.0021213203435596429 0 -0 -0 -1 
1 -0.0027716385975338617 -0.0011480502970952697 1.998 0.55557023301960218 -0.83146961230254535 0 
1 -0.0011480502970952716 -0.0027716385975338612 0 -0 -0 -1 
1 -0.0021213203435596437 -0.0021213203435596433 1.998 0.83146961230254512 -0.55557023301960251 0 
1 -1.0000000000000005e-18 -0.0030000000000000014 0 -0 -0 -1 
1 -0.0011480502970952716 -0.0027716385975338608 1.998 0.98078528040323043 -0.19509032201612866 0 
1 0.0011480502970952705 -0.0027716385975338612 0 -0 -0 -1 
1 -5.5000000000000025e-19 -0.0030000000000000014 1.998 0.98078528040323043 0.19509032201612833 0 
1 0.0021213203435596429 -0.0021213203435596437 0 -0 -0 -1 
1 0.0011480502970952705 -0.0027716385975338612 1.998 0.83146961230254512 0.5555702330196024 0 
1 0.0027716385975338612 -0.0011480502970952716 0 -0 -0 -1 
1 0.0021213203435596429 -0.0021213203435596437 1.998 0.55557023301960273 0.8314696123025449 0 
1 0.0027716385975338608 -0.0011480502970952716 1.998 0.19509032201612858 0.98078528040323043 0 
1 0.0020700000000000007 0 0 -0 -0 -1 
1 0.001912430632298364 0.00079215470499573637 0 -0 -0 -1 
1 0.0020700000000000007 0 0.999 -0.19509032201612841 0.98078528040323043 0 
1 0.001912430632298364 -0.00079215470499573734 0 -0 -0 -1 
1 0.0019124306322983637 -0.00079215470499573734 0.999 0.19509032201612866 0.98078528040323043 0 
1 0.0014637110370561536 0.0014637110370561536 0 -0 -0 -1 
1 0.0019124306322983642 0.00079215470499573615 0.999 -0.55557023301960196 0.83146961230254546 0 
1 0.00060000000000000027 0 0 -0.19509032201612816 0.98078528040323054 0 
1 0.00055432771950677205 -0.0002296100594190543 0 0.19509032201612875 0.98078528040323032 0 
1 -0.00055432771950677227 0.00022961005941905403 0 -0.19509032201612816 -0.98078528040323054 0 
1 -0.00060000000000000027 7.0000000000000037e-20 0 0.19509032201612814 -0.98078528040323054 0 
1 0.0014637110370561534 -0.0014637110370561543 0.999 0.55557023301960262 0.83146961230254501 0 
1 0.0014637110370561541 0.0014637110370561539 0.999 -0.83146961230254535 0.55557023301960207 0 
1 0.00079215470499573659 -0.001912430632298364 0.999 0.83146961230254535 0.55557023301960207 0 
1 0.00079215470499573626 0.0019124306322983642 0.999 -0.98078528040323043 0.19509032201612841 0 
1 -3.8000000000000019e-19 -0.0020700000000000007 0.999 0.98078528040323043 0.1950903220161285 0 
1 1.3000000000000005e-19 0.0020700000000000007 0.999 -0.98078528040323043 -0.19509032201612841 0 
1 -0.00079215470499573724 -0.0019124306322983637 0.999 0.98078528040323032 -0.19509032201612875 0 
1 -0.00079215470499573604 0.0019124306322983642 0.999 -0.83146961230254546 -0.55557023301960184 0 
1 -0.0014637110370561543 -0.0014637110370561539 0.999 0.83146961230254524 -0.55557023301960218 0 
1 -0.0014637110370561539 0.0014637110370561541 0.999 -0.55557023301960218 -0.83146961230254535 0 
1 -0.0019124306322983644 -0.00079215470499573593 0.999 0.55557023301960184 -0.83146961230254546 0 
1 -0.0019124306322983642 0.00079215470499573637 0.999 -0.19509032201612841 -0.98078528040323043 0 
1 -0.0020700000000000007 2.5000000000000011e-19 0.999 0.19509032201612816 -0.98078528040323054 0 
1 0.00060000000000000027 0 0.999 -0.19509032201612816 0.98078528040323054 0 
1 0.00055432771950677227 0.00022961005941905395 0.999 -0.5555702330196024 0.83146961230254512 0 
1 0.00042426406871192871 0.00042426406871192866 0.999 -0.83146961230254512 0.55557023301960251 0 
1 0.00022961005941905398 0.00055432771950677227 0.999 -0.98078528040323054 0.19509032201612816 0 
1 4.0000000000000022e-20 0.00060000000000000027 0.999 -0.98078528040323054 -0.19509032201612816 0 
1 -0.00022961005941905392 0.00055432771950677227 0.999 -0.83146961230254524 -0.5555702330196024 0 
1 -0.00042426406871192866 0.00042426406871192871 0.999 -0.55557023301960262 -0.83146961230254501 0 
1 -0.00055432771950677227 0.00022961005941905403 0.999 -0.19509032201612816 -0.98078528040323054 0 
1 -0.00060000000000000027 7.0000000000000037e-20 0.999 0.19509032201612814 -0.98078528040323054 0 
1 -0.00055432771950677227 -0.0002296100594190539 0.999 0.55557023301960196 -0.83146961230254546 0 
1 -0.00042426406871192882 -0.00042426406871192866 0.999 0.83146961230254524 -0.55557023301960218 0 
1 -0.00022961005941905428 -0.00055432771950677205 0.999 0.98078528040323032 -0.19509032201612886 0 
1 -1.1000000000000004e-19 -0.00060000000000000027 0.999 0.98078528040323043 0.19509032201612839 0 
1 0.00022961005941905409 -0.00055432771950677216 0.999 0.83146961230254535 0.55557023301960207 0 
1 0.00042426406871192861 -0.00042426406871192882 0.999 0.5555702330196024 0.83146961230254512 0 
1 0.00055432771950677205 -0.0002296100594190543 0.999 0.19509032201612875 0.98078528040323032 0 
1 0.0014637110370561536 -0.0014637110370561545 0 -0 -0 -1 
1 0.00079215470499573637 0.001912430632298364 0 -0 -0 -1 
1 0.00079215470499573637 -0.001912430632298364 0 -0 -0 -1 
1 0 0.0020700000000000007 0 -0 -0 -1 
1 0 -0.0020700000000000007 0 -0 -0 -1 
1 -0.00079215470499573637 0.001912430632298364 0 -0 -0 -1 
1 -0.00079215470499573734 -0.001912430632298364 0 -0 -0 -1 
1 -0.0014637110370561536 0.0014637110370561536 0 -0 -0 -1 
1 -0.0014637110370561545 -0.0014637110370561536 0 -0 -0 -1 
1 -0.001912430632298364 0.00079215470499573637 0 -0 -0 -1 
1 -0.0019124306322983648 -0.00079215470499573637 0 -0 -0 -1 
1 -0.0020700000000000007 0 0 -0 -0 -1 
1 0.00060000000000000027 0 0 -0 -0 -1 
1 0.00055432771950677216 0.00022961005941905409 0 -0 -0 -1 
1 0.0004242640687119292 0.00042426406871192823 0 -0 -0 -1 
1 0.00022961005941905409 0.00055432771950677216 0 -0 -0 -1 
1 0 0.00060000000000000027 0 -0 -0 -1 
1 -0.00022961005941905409 0.00055432771950677216 0 -0 -0 -1 
1 -0.00042426406871192823 0.0004242640687119292 0 -0 -0 -1 
1 -0.00055432771950677216 0.00022961005941905409 0 -0 -0 -1 
1 -0.00060000000000000027 0 0 -0 -0 -1 
1 -0.00055432771950677216 -0.00022961005941905409 0 -0 -0 -1 
1 -0.0004242640687119292 -0.00042426406871192823 0 -0 -0 -1 
1 -0.00022961005941905409 -0.00055432771950677216 0 -0 -0 -1 
1 0 -0.00060000000000000027 0 -0 -0 -1 
1 0.00022961005941905409 -0.00055432771950677216 0 -0 -0 -1 
1 0.00042426406871192823 -0.0004242640687119292 0 -0 -0 -1 
1 0.00055432771950677216 -0.00022961005941905409 0 -0 -0 -1 
Polygon3D 0
PolygonOnTriangulations 0
Surfaces 79
1 -0.15000000000000008 -0.15000000000000008 109.89 0 1 0 1 0 0 0 0 -1 
1 -0.15000000000000008 0.15000000000000008 109.89 1 0 0 0 -1 0 0 0 -1 
1 0.15000000000000008 -0.15000000000000008 109.89 -1 0 0 0 1 0 0 0 -1 
1 150 150 109.89 0 0 1 1 0 0 0 1 0 
1 150 150 -189.81 0 0 1 1 0 0 0 1 0 
1 0.15000000000000008 0.15000000000000008 109.89 0 -1 0 -1 0 0 -0 -0 -1 
1 -2.0000000000000011e-20 -7.0000000000000037e-20 0 0 0 1 1 0 0 0 1 0 
1 -2.0000000000000011e-20 -7.0000000000000037e-20 0 0 0 1 1 0 0 0 1 0 
1 -2.0000000000000011e-20 -7.0000000000000037e-20 0 0 0 1 1 0 0 0 1 0 
1 -2.0000000000000011e-20 -7.0000000000000037e-20 0 0 0 1 1 0 0 0 1 0 
1 75 75 0 0 0 1 1 0 0 0 1 0 
1 -0.0010000000000000005 -0.099900000000000003 0.0025000000000000014 1 0 0 0 -2.2e-16 -1 0 1 -2.2e-16 
1 1 0.0012500000000000007 -0.099900000000000003 0 0 1 1 0 0 0 1 0 
1 0.0010000000000000005 -0.099900000000000003 0 -1 0 0 0 2.2e-16 1 0 1 -2.2e-16 
1 1 0.0012500000000000007 0.099900000000000003 0 0 1 1 0 0 0 1 0 
1 -0.075000000000000039 -0.075000000000000039 0 0 -1 0 1 0 0 0 0 1 
1 -0.075000000000000039 0.075000000000000039 0 -1 0 0 0 -1 0 0 0 1 
1 0.075000000000000039 -0.075000000000000039 0 1 0 0 0 1 0 0 0 1 
1 0.075000000000000039 0.075000000000000039 0 0 1 0 -1 0 0 0 0 1 
1 -0.020000000000000011 -0.099900000000000003 2.0024999999999999 -6.0000000000000001e-17 2.2e-16 1 1 0 6.0000000000000001e-17 1.3200000000000001e-32 1 -2.2e-16 
1 20 -2.4775 -0.099900000000000003 0 0 1 1 0 0 0 1 0 
1 -0.020000000000000011 -0.099900000000000003 2.0024999999999999 -6.0000000000000001e-17 2.2e-16 1 1 0 6.0000000000000001e-17 1.3200000000000001e-32 1 -2.2e-16 
1 20 -2.4775 0.099900000000000003 0 0 1 1 0 0 0 1 0 
1 75 75 0.19980000000000001 0 0 1 1 0 0 0 1 0 
1 -0.020000000000000014 -0.099899999999999989 2.0425 1 0 6.0000000000000001e-17 6.0000000000000001e-17 -2.2e-16 -1 1.3200000000000001e-32 1 -2.2e-16 
1 0.020000000000000011 -0.099900000000000003 2.0024999999999999 -1 -0 -6.0000000000000001e-17 -6.0000000000000001e-17 2.2e-16 1 1.3200000000000001e-32 1 -2.2e-16 
1 0.020000000000000011 -0.099899999999999989 2.0425 6.0000000000000001e-17 -2.2e-16 -1 -1 0 -6.0000000000000001e-17 1.3200000000000001e-32 1 -2.2e-16 
1 0.0030000000000000014 0 0 0.98078528040323043 0.1950903220161285 0 -0.1950903220161285 0.98078528040323043 0 0 0 1 
1 0.0027716385975338612 0.0011480502970952699 0 0.83146961230254546 0.55557023301960196 0 -0.55557023301960196 0.83146961230254546 0 0 0 1 
1 0.0021213203435596437 0.0021213203435596433 0 0.55557023301960218 0.83146961230254535 0 -0.83146961230254535 0.55557023301960218 0 0 0 1 
1 0.0011480502970952701 0.0027716385975338612 0 0.1950903220161285 0.98078528040323043 0 -0.98078528040323043 0.1950903220161285 0 0 0 1 
1 1.8000000000000008e-19 0.0030000000000000014 0 -0.19509032201612847 0.98078528040323043 0 -0.98078528040323043 -0.19509032201612847 0 0 0 1 
1 -0.0011480502970952699 0.0027716385975338612 0 -0.55557023301960196 0.83146961230254546 0 -0.83146961230254546 -0.55557023301960196 0 0 0 1 
1 -0.0021213203435596433 0.0021213203435596437 0 -0.83146961230254524 0.55557023301960229 0 -0.55557023301960229 -0.83146961230254524 0 0 0 1 
1 -0.0027716385975338612 0.0011480502970952703 0 -0.98078528040323043 0.1950903220161285 0 -0.1950903220161285 -0.98078528040323043 0 0 0 1 
1 -0.0030000000000000014 3.7000000000000015e-19 0 -0.98078528040323054 -0.19509032201612811 0 0.19509032201612811 -0.98078528040323054 0 0 0 1 
1 -0.0027716385975338617 -0.0011480502970952697 0 -0.83146961230254535 -0.55557023301960218 0 0.55557023301960218 -0.83146961230254535 0 0 0 1 
1 -0.0021213203435596437 -0.0021213203435596433 0 -0.55557023301960251 -0.83146961230254512 0 0.83146961230254512 -0.55557023301960251 0 0 0 1 
1 -0.0011480502970952716 -0.0027716385975338608 0 -0.19509032201612866 -0.98078528040323043 0 0.98078528040323043 -0.19509032201612866 0 0 0 1 
1 -5.5000000000000025e-19 -0.0030000000000000014 0 0.19509032201612833 -0.98078528040323043 0 0.98078528040323043 0.19509032201612833 0 0 0 1 
1 0.0011480502970952705 -0.0027716385975338612 0 0.5555702330196024 -0.83146961230254512 0 0.83146961230254512 0.5555702330196024 0 0 0 1 
1 0.0021213203435596429 -0.0021213203435596437 0 0.8314696123025449 -0.55557023301960273 0 0.55557023301960273 0.8314696123025449 0 0 0 1 
1 0.0027716385975338608 -0.0011480502970952716 0 0.98078528040323043 -0.19509032201612858 0 0.19509032201612858 0.98078528040323043 0 0 0 1 
1 -2.0000000000000011e-20 -7.0000000000000037e-20 1.998 0 0 1 1 0 0 0 1 0 
1 0.0020700000000000007 0 0 0.98078528040323043 0.19509032201612841 0 -0.19509032201612841 0.98078528040323043 0 0 0 1 
1 0.0019124306322983637 -0.00079215470499573734 0 0.98078528040323043 -0.19509032201612866 0 0.19509032201612866 0.98078528040323043 0 0 0 1 
1 0.0019124306322983642 0.00079215470499573615 0 0.83146961230254546 0.55557023301960196 0 -0.55557023301960196 0.83146961230254546 0 0 0 1 
1 -1.5000000000000007e-19 1.0000000000000005e-20 0 0 0 1 1 0 0 0 1 0 
1 -1.5000000000000007e-19 1.0000000000000005e-20 0 0 0 1 1 0 0 0 1 0 
1 -1.5000000000000007e-19 1.0000000000000005e-20 0.999 0 0 1 1 0 0 0 1 0 
1 0.0014637110370561534 -0.0014637110370561543 0 0.83146961230254501 -0.55557023301960262 0 0.55557023301960262 0.83146961230254501 0 0 0 1 
1 0.0014637110370561541 0.0014637110370561539 0 0.55557023301960207 0.83146961230254535 0 -0.83146961230254535 0.55557023301960207 0 0 0 1 
1 0.00079215470499573659 -0.001912430632298364 0 0.55557023301960207 -0.83146961230254535 0 0.83146961230254535 0.55557023301960207 0 0 0 1 
1 0.00079215470499573626 0.0019124306322983642 0 0.19509032201612841 0.98078528040323043 0 -0.98078528040323043 0.19509032201612841 0 0 0 1 
1 -3.8000000000000019e-19 -0.0020700000000000007 0 0.1950903220161285 -0.98078528040323043 0 0.98078528040323043 0.1950903220161285 0 0 0 1 
1 1.3000000000000005e-19 0.0020700000000000007 0 -0.19509032201612841 0.98078528040323043 0 -0.98078528040323043 -0.19509032201612841 0 0 0 1 
1 -0.00079215470499573724 -0.0019124306322983637 0 -0.19509032201612875 -0.98078528040323032 0 0.98078528040323032 -0.19509032201612875 0 0 0 1 
1 -0.00079215470499573604 0.0019124306322983642 0 -0.55557023301960184 0.83146961230254546 0 -0.83146961230254546 -0.55557023301960184 0 0 0 1 
1 -0.0014637110370561543 -0.0014637110370561539 0 -0.55557023301960218 -0.83146961230254524 0 0.83146961230254524 -0.55557023301960218 0 0 0 1 
1 -0.0014637110370561539 0.0014637110370561541 0 -0.83146961230254535 0.55557023301960218 0 -0.55557023301960218 -0.83146961230254535 0 0 0 1 
1 -0.0019124306322983644 -0.00079215470499573593 0 -0.83146961230254546 -0.55557023301960184 0 0.55557023301960184 -0.83146961230254546 0 0 0 1 
1 -0.0019124306322983642 0.00079215470499573637 0 -0.98078528040323043 0.19509032201612841 0 -0.19509032201612841 -0.98078528040323043 0 0 0 1 
1 -0.0020700000000000007 2.5000000000000011e-19 0 -0.98078528040323054 -0.19509032201612816 0 0.19509032201612816 -0.98078528040323054 0 0 0 1 
1 0.00060000000000000027 0 0 0.98078528040323054 0.19509032201612816 0 -0.19509032201612816 0.98078528040323054 0 0 0 1 
1 0.00055432771950677227 0.00022961005941905395 0 0.83146961230254512 0.5555702330196024 0 -0.5555702330196024 0.83146961230254512 0 0 0 1 
1 0.00042426406871192871 0.00042426406871192866 0 0.55557023301960251 0.83146961230254512 0 -0.83146961230254512 0.55557023301960251 0 0 0 1 
1 0.00022961005941905398 0.00055432771950677227 0 0.19509032201612816 0.98078528040323054 0 -0.98078528040323054 0.19509032201612816 0 0 0 1 
1 4.0000000000000022e-20 0.00060000000000000027 0 -0.19509032201612816 0.98078528040323054 0 -0.98078528040323054 -0.19509032201612816 0 0 0 1 
1 -0.00022961005941905392 0.00055432771950677227 0 -0.5555702330196024 0.83146961230254524 0 -0.83146961230254524 -0.5555702330196024 0 0 0 1 
1 -0.00042426406871192866 0.00042426406871192871 0 -0.83146961230254501 0.55557023301960262 0 -0.55557023301960262 -0.83146961230254501 0 0 0 1 
1 -0.00055432771950677227 0.00022961005941905403 0 -0.98078528040323054 0.19509032201612816 0 -0.19509032201612816 -0.98078528040323054 0 0 0 1 
1 -0.00060000000000000027 7.0000000000000037e-20 0 -0.98078528040323054 -0.19509032201612814 0 0.19509032201612814 -0.98078528040323054 0 0 0 1 
1 -0.00055432771950677227 -0.0002296100594190539 0 -0.83146961230254546 -0.55557023301960196 0 0.55557023301960196 -0.83146961230254546 0 0 0 1 
1 -0.00042426406871192882 -0.00042426406871192866 0 -0.55557023301960218 -0.83146961230254524 0 0.83146961230254524 -0.55557023301960218 0 0 0 1 
1 -0.00022961005941905428 -0.00055432771950677205 0 -0.19509032201612886 -0.98078528040323032 0 0.98078528040323032 -0.19509032201612886 0 0 0 1 
1 -1.1000000000000004e-19 -0.00060000000000000027 0 0.19509032201612839 -0.98078528040323043 0 0.98078528040323043 0.19509032201612839 0 0 0 1 
1 0.00022961005941905409 -0.00055432771950677216 0 0.55557023301960207 -0.83146961230254535 0 0.83146961230254535 0.55557023301960207 0 0 0 1 
1 0.00042426406871192861 -0.00042426406871192882 0 0.83146961230254512 -0.5555702330196024 0 0.5555702330196024 0.83146961230254512 0 0 0 1 
1 0.00055432771950677205 -0.0002296100594190543 0 0.98078528040323032 -0.19509032201612875 0 0.19509032201612875 0.98078528040323032 0 0 0 1 
Triangulations 0

TShapes 538
Ve
1e-07
-0.15 -0.15 -0.11
0 0

0101101
*
Ve
1e-07
-0.15 -0.15 0.19
0 0

0101101
*
Ed
 1e-10 1 1 0
1  1 0 0 0.3
0

0101000
+538 13 -537 13 *
Ve
1e-07
0.15 -0.15 -0.11
0 0

0101101
*
Ve
1e-07
0.15 -0.15 0.19
0 0

0101101
*
Ed
 1e-10 1 1 0
1  2 0 0 0.3
0

0101000
+535 13 -534 13 *
Ed
 1e-10 1 1 0
1  3 0 0 0.3
0

0101000
+538 17 -535 17 *
Ed
 1e-10 1 1 0
1  4 0 0 0.3
0

0101000
+537 20 -534 20 *
Wi

0101100
+536 0 -533 0 -532 16 +531 19 *
Fa
0  1e-10 1 0

0101000
+530 0 *
Ve
1e-07
-0.15 0.15 -0.11
0 0

0101101
*
Ve
1e-07
-0.15 0.15 0.19
0 0

0101101
*
Ed
 1e-10 1 1 0
1  5 0 0 0.3
0

0101000
+528 13 -527 13 *
Ed
 1e-10 1 1 0
1  6 0 0 0.3
0

0101000
+528 17 -538 17 *
Ed
 1e-10 1 1 0
1  7 0 0 0.3
0

0101000
+527 20 -537 20 *
Wi

0101100
+526 0 -536 0 -525 16 +524 19 *
Fa
0  1e-10 2 0

0101000
+523 0 *
Ve
1e-07
0.15 0.15 -0.11
0 0

0101101
*
Ve
1e-07
0.15 0.15 0.19
0 0

0101101
*
Ed
 1e-10 1 1 0
1  8 0 0 0.3
0

0101000
+521 13 -520 13 *
Ed
 1e-10 1 1 0
1  9 0 0 0.3
0

0101000
+535 17 -521 17 *
Ed
 1e-10 1 1 0
1  10 0 0 0.3
0

0101000
+534 20 -520 20 *
Wi

0101100
+533 0 -519 0 -518 16 +517 19 *
Fa
0  1e-10 3 0

0101000
+516 0 *
Ed
 1e-10 1 1 0
1  11 0 0 0.3
0

0101000
+521 17 -528 17 *
Wi

0101100
+532 0 +518 0 +514 0 +525 0 *
Fa
0  1e-10 4 0

0101000
+513 0 *
Ed
 1e-10 1 1 0
1  12 0 0 0.3
0

0101000
+520 20 -527 20 *
Wi

0101100
+531 0 +517 0 +511 0 +524 0 *
Fa
0  1e-10 5 0

0101000
+510 0 *
Wi

0101100
+519 0 -526 0 -514 16 +511 19 *
Fa
0  1e-10 6 0

0101000
+508 0 *
Sh

0101100
-529 11 -522 11 -515 11 -512 21 +509 22 -507 11 *
Ve
1e-07
0.003 0 0
0 0

0101101
*
Ve
1e-07
0.00277163859753386 0.00114805029709527 0
0 0

0101101
*
Ed
 1.00000000111022e-10 1 1 0
1  13 0 0 0.00117054193209677
0

0101000
+505 28 -504 28 *
Ve
1e-07
0.00277163859753386 -0.00114805029709527 0
0 0

0101101
*
Ed
 1.00000000111022e-10 1 1 0
1  14 0 0 0.00117054193209677
0

0101000
+502 28 -505 28 *
Ve
1e-07
0.00212132034355964 0.00212132034355964 0
0 0

0101101
*
